start : 643.000000
cost_init 5128424.000000
end: 1315498.000000
